noise:
  gyroscope_std: 0.1  # 0.000061087, 0.1, 0.04
  accelerometer_std: 0.1 # 0.0013734, 0.1, 0.65
  gyroscope_bias_std: 0.001 # 0.1, 0.04
  accelerometer_bias_std: 0.001 # 0.1, 0.65
  velocity_std: 0.01  # std for wheel velocity

